 1  9716563 2128134824634071424 13.313 0.569 6507 1.287 F5  1.11 0.3380 15 Y 
  2  9716076 2128122008451548672 13.350 0.570 6506 1.287 F5  2.50 0.0040 15 Y 
  3  9718403 2080469827339292672 13.444 0.574 6504 1.286 F5  2.09 0.0067 15 Y 
  4  9715923 2128125135187725696 13.337 0.580 6501 1.284 F5  0.92 0.0006 15 Y 
  5  9716858 2128133789541221888 13.581 0.607 6477 1.271 F5  3.74 0.5527 15 Y 
  6  9777642 2128137229815871232 13.547 0.608 6476 1.270 F5  2.01 0.2010 15 Y 
  7  9716139 2128145506212004608 13.435 0.609 6474 1.269 F5  2.31 0.3108 14 Y 
  8  9898009 2128518829068874112 13.702 0.619 6462 1.263 F5  1.44 0.1338 15 Y 
  9  9654924 2128121561774912128 13.635 0.622 6458 1.260 F5  1.83 0.1558 15 Y 
 10  9655708 2128131216861127680 13.665 0.631 6445 1.253 F5  2.38 0.3009 15 Y 
 11  9655437 2128132728689966720 13.812 0.652 6409 1.240 F5  1.38 0.0767 15 Y 
 12  9655357 2128108951750969088 13.722 0.658 6398 1.236 F5  1.81 0.1239 15 Y 
 13  9655145 2128121080738614016 13.905 0.670 6374 1.228 F5  1.49 0.0025 15 Y 
 14  9594739 2128107714800080384 13.891 0.671 6370 1.227 F5  2.22 0.1145 15 Y 
 15  9469799 2128018963596952832 13.896 0.672 6370 1.227 F5  2.49 0.1439 15 Y 
 16  9655730 2128131216861484928 13.895 0.672 6369 1.226 F5  2.06 0.0787 15 Y 
 17  9594038 2128118057081550464 13.944 0.674 6365 1.225 F5  1.90 0.0410 15 Y 
 18  9716253 2128144857677611264 13.931 0.674 6365 1.225 F5  2.75 0.2470 15 Y 
 19  9716817 2128133450244545024 13.801 0.675 6363 1.224 F5  0.67 0.3636 15 Y 
 20  9777089 2128141524783121792 14.000 0.678 6356 1.222 F5  3.21 0.1883 15 Y 
 21  9655727 2128132075854976896 13.975 0.681 6350 1.220 F5  3.03 0.1512 15 Y 
 22  9591888 2128077168993658624 14.012 0.681 6350 1.220 F5  3.03 0.1512 15 Y 
 23  9715848 2128124585431880704 13.959 0.682 6348 1.220 F5  2.04 0.0204  9 Y 
 24  9655716 2128132075854974336 14.072 0.685 6340 1.217 F5  3.37 0.2665 12 Y 
 25  9655385 2128109123549687680 14.035 0.698 6312 1.208 F8  3.15 0.1490 15 Y 
 26  9595079 2128127265491233280 14.132 0.703 6300 1.203 F8  2.87 0.0948  6 Y 
 27  9656480 2080097058538601088 14.318 0.725 6244 1.185 F8  4.81 0.1290 15 Y 
 28  9533215 2128103179314615296 14.154 0.732 6226 1.179 F8  3.98 0.2602  9 Y 
 29  9655911 2128128742959981312 14.228 0.734 6222 1.177 F8  5.83 0.5253 15 Y 
 30  9716376 2128144960756839424 14.207 0.734 6221 1.177 F8  1.99 0.0587 15 Y 
 31  9716401 2128145098195807872 14.205 0.742 6199 1.170 F8  5.18 0.4928 15 Y 
 32  9655282 2128108539434091392 14.370 0.743 6195 1.168 F8  5.86 0.2411  6 Y 
 33  9775854 2128126165979845376 14.278 0.746 6189 1.166 F8  4.56 0.1771 10 Y 
 34  9715126 2128165817117806464 14.297 0.756 6159 1.156 F8  7.18 0.6759  4 Y 
 35  9656016 2128130426587581440 14.459 0.759 6153 1.153 F8  6.35 0.3323 13 Y 
 36  9593926 2128119190952918016 14.324 0.771 6118 1.141 F8  5.05 0.2858  9 Y 
 37  9471344 2128098849987500160 14.515 0.774 6110 1.138 G0  6.53 0.3318 15 Y 
 38  9716435 2128144926397113728 14.525 0.775 6106 1.137 G0  6.67 0.2010  9 Y 
 39  9655268 2128120908939932032 14.520 0.778 6098 1.134 G0  7.15 0.4493 15 Y 
 40  9776415 2128145957189232256 14.562 0.784 6080 1.128 G0  8.21 0.6122 15 Y 
 41  9532828 2128102526479557248 14.528 0.793 6053 1.118 G0  6.23 0.3795 15 Y 
 42  9777258 2128140425271501824 14.692 0.797 6040 1.114 G0  8.45 0.1832 10 Y 
 43  9776409 2128151008070805888 14.709 0.799 6034 1.112 G0  7.42 0.3478  5 Y 
 44  9778187 2080475084380577152 14.795 0.806 6014 1.105 G0  9.23 0.4286 15 Y 
 45  9410241 2128096616604445312 14.679 0.808 6008 1.104 G0  7.00 0.1357 15 Y 
 46  9776475 2128146472585332096 14.857 0.825 5957 1.089 G0  9.28 0.6038 15 Y 
 47  9534045 2080086338300220032 14.904 0.833 5932 1.081 G2  9.82 0.5624 15 Y 
 48  9656165 2128130186069010944 14.892 0.833 5931 1.081 G2  9.82 0.5394 15 Y 
 49  9655917 2128131869696568960 14.899 0.837 5919 1.077 G2  9.08 0.2432 15 Y 
 50  9411496 2080057785357418240 14.949 0.840 5912 1.075 G2 10.04 0.4641 14 Y 
 51  9594287 2128106477849445248 14.904 0.863 5840 1.056 G2  9.88 0.4857 15 Y 
 52  9716008 2128145785390512896 15.004 0.865 5833 1.054 G2  9.98 0.4072 15 Y 
 53  9655424 2128108676873069952 14.915 0.873 5810 1.049 G5  9.68 0.3383 15 Y 
 54  9532127 2128111975407524480 15.072 0.873 5808 1.049 G5 10.19 0.3753 15 Y 
 55  9592579 2128072564788836096 15.049 0.873 5807 1.048 G5 10.44 0.6905 15 Y 
 56  9470987 2128099670319729408 15.169 0.880 5786 1.044 G5  9.68 0.1934 15 Y 
 57  9655315 2128120840220460544 15.101 0.883 5777 1.042 G5 10.67 0.3633 15 Y 
 58  9716650 2128134549756166272 15.190 0.885 5771 1.040 G5 10.97 0.4127 15 Y 
 59  9715987 2128122283329454208 15.141 0.887 5765 1.039 G5 10.53 0.2703 15 Y 
 60  9655276 2128120702781491072 15.049 0.888 5763 1.038 G5 10.15 0.2139 15 Y 
 61  9716502 2128132694330246144 15.124 0.890 5757 1.036 G5  9.69 0.3416 15 Y 
 62  9776546 2128148018773587200 15.127 0.892 5751 1.034 G5 10.58 0.5511 15 Y 
 63  9836149 2128198836827103616 15.147 0.900 5725 1.027 G5 10.41 0.3628 15 Y 
 64  9896700 2128152760418078592 15.181 0.905 5710 1.022 G5 10.43 0.2606 15 Y 
 65  9716955 2128133518964049920 15.260 0.906 5707 1.021 G5 11.03 0.4030 15 Y 
 66 10018969 2128527487723005184 15.278 0.907 5704 1.020 G5 11.48 0.5578 15 Y 
 67  9777828 2128138054449629824 15.277 0.913 5686 1.015 G5 11.24 0.3175 15 Y 
 68  9838036 2128142933532501376 15.261 0.916 5675 1.012 G5 13.26 0.7145 13 S 
 69  9095289 2127962819783332608 15.287 0.917 5673 1.011 G5 13.56 0.8035 15 S 
 70  9718106 2080095615429775360 15.325 0.922 5657 1.006 G8 11.11 0.2655 15 Y 
 71  9593885 2128119087873695232 15.201 0.944 5589 0.986 G8 10.22 0.4332 15 Y 
 72  9655172 2128120256104862464 15.413 0.948 5578 0.983 G8 11.11 0.2305 15 Y 
 73  9838215 2128139600637881472 15.575 0.966 5524 0.969 G8 11.71 0.4624 15 Y 
 74  9531467 2128019994389145728 15.510 0.974 5501 0.963 G8 11.49 0.3041 15 Y 
 75  9957187 2128158601573673728 15.414 0.978 5486 0.959 G8 10.93 0.3486 15 Y 
 76  9776909 2128146713103563264 15.531 0.981 5480 0.958 G8 11.84 0.3286 12 Y 
 77  9656555 2080096886739921152 15.588 0.982 5477 0.957 G8 15.08         1 S 
 78  9287620 2079958966750150272 15.632 0.985 5465 0.954 G8 12.17         1 Y 
 79  9469735 2128018379481370880 15.585 0.986 5464 0.954 G8  9.62 0.3344 15 Y 
 80  9471316 2128098746908279680 15.561 0.989 5454 0.951 G8 11.80 0.5301 15 Y 
 81  9777281 2128140253472804736 15.559 0.990 5451 0.950 G8 11.26 0.3377 14 Y 
 82  9776413 2128146335146361856 15.495 0.999 5425 0.944 G8  9.88 0.2627 15 Y 
 83  9655609 2128108024038073216 15.656 1.001 5420 0.943 G8 11.02 0.4898 15 Y 
 84  9656371 2080090667627204736 15.668 1.007 5402 0.938 K0 10.90 0.3827 15 Y 
 85  9654627 2128122420768295808 15.731 1.009 5396 0.937 K0 11.11 0.2504 14 Y 
 86  9595006 2128128055765212416 15.735 1.014 5382 0.933 K0 11.02 0.3848 15 Y 
 87  9469908 2128020166187804288 15.800 1.028 5343 0.923 K0 10.98 0.1800 14 Y 
 88  9469760 2128018826157984512 15.762 1.033 5330 0.920 K0 11.08 0.5434 15 Y 
 89  9716177 2128121218177579392 15.966 1.065 5241 0.898 K0 11.11 0.3808 14 Y 
 90  9838358 2128514053065223808 15.942 1.066 5238 0.897 K0 11.11 0.5126 13 Y 
 91  9716378 2128145304354240128 16.004 1.082 5193 0.887 K0 11.34 0.5629 13 Y 
 92  9655435 2128132586950838912 15.989 1.086 5185 0.885 K0 11.98 0.3800 14 Y 
 93  9654919 2128119671989269504 15.997 1.089 5175 0.883 K0 11.11 0.5609 14 Y 
 94  9654970 2128121561774914304 16.111 1.099 5151 0.877 K0 10.46 0.2355 15 Y 
 95  9837012 2128148671608654720 16.163 1.102 5141 0.875 K0 10.66 0.1761 14 Y 
 96  9286138 2128006662810036224 16.092 1.103 5141 0.875 K0 10.87 0.7441 15 Y 
 97  9655225 2128121012019139584 16.036 1.103 5140 0.875 K0 11.11 0.6488 15 Y 
 98  9655469 2128108814312039040 16.068 1.108 5126 0.872 K0 11.03 0.7185 15 Y 
 99  9594099 2128118916075039360 16.139 1.109 5123 0.871 K0 10.17 0.3487 14 Y 
100  9835687 2128178976898255744 16.136 1.111 5119 0.870 K0 10.67 0.0330  3 Y 
101  9775249 2128175334765924608 16.004 1.113 5114 0.869 K0 10.00 0.3087 10 Y 
102  9655677 2128131418719632000 16.148 1.123 5089 0.863 K0 10.71 0.6440 15 Y 
103  9654808 2128123069303321472 16.033 1.125 5083 0.862 K0 11.15 0.2196 13 Y 
104  9836986 2128148568529429120 16.241 1.129 5075 0.860 K0 10.94 0.5297 14 Y 
105  9777063 2128135408749666304 16.295 1.139 5048 0.854 K2 11.11 0.5649 13 Y 
106  9594718 2128104141387273344 16.240 1.144 5038 0.852 K2 13.16 0.7599 13 S 
107  9532052 2128112181565948800 16.172 1.149 5024 0.848 K2 10.44 0.2166 11 Y 
108  9716694 2128134446676949120 16.027 1.160 4998 0.843 K2 10.37 0.6846 14 Y 
109  9715637 2128124173114998272 16.106 1.161 4997 0.842 K2 10.90 0.5701  7 Y 
110  9531975 2128111700529584000 16.293 1.170 4975 0.837 K2 10.99 0.1751  7 Y 
111  9776327 2128149358803331840 16.245 1.171 4974 0.837 K2 10.78 0.1928 15 Y 
112  9717373 2128135649267419904 16.425 1.190 4929 0.827 K2 11.18 0.2274 14 Y 
113  9716302 2128144445360737408 16.468 1.225 4852 0.809 K2 10.39 0.1642  7 Y 
114  9531969 2128111700529585024 16.526 1.225 4851 0.809 K2 11.20 0.4061 11 Y 
115  9595731 2080089877353291136 16.521 1.230 4842 0.807 K2 11.85 0.5147 10 Y 
116  9896609 2128158910811242496 16.593 1.247 4806 0.799 K2 11.28 0.3487 15 Y 
117  9593995 2128118469398421632 16.638 1.253 4793 0.796 K2 11.29 0.1830 11 Y 
118  9717161 2128136714419757952 16.694 1.262 4775 0.792 K2 13.11 0.5917 12 S 
119  9716707 2128134618476431616 16.902 1.302 4698 0.774 K4 10.78 0.3101 11 Y 
120  9838166 2128139497558660224 16.751 1.307 4688 0.772 K4 12.16 0.2646  7 Y 
121  9657183 2080094000522047872 16.801 1.308 4686 0.772 K4 10.78 0.0073  2 Y 
122  9655556 2128132488171813376 16.770 1.311 4681 0.771 K4 13.16 0.5852 11 S 
123  9594399 2128108466414347264 16.840 1.323 4659 0.766 K4 11.79 0.4487 11 Y 
124  9594079 2128118572477645824 16.813 1.327 4652 0.764 K4 12.27 0.4963 12 Y 
125  9838228 2128139634997621376 16.863 1.341 4626 0.758 K4 12.02 0.1978  6 Y 
126  9897654 2128144204842804992 16.904 1.347 4616 0.756 K4 11.02 0.0965  6 Y 
127  9593626 2128116540951535744 16.871 1.362 4590 0.750 K4 11.61 0.1967 11 Y 
128  9716918 2128133518964044032 16.910 1.366 4583 0.749 K4 11.92 0.8190 11 Y 
129  9593890 2128119087873694208 16.760 1.369 4578 0.748 K4 11.53 0.1579 11 Y 
130  9895567 2128179114337220608 17.001 1.383 4555 0.743 K4 12.43 0.3667  4 Y 
131  9897050 2128155161299953024 16.975 1.390 4543 0.740 K4 12.10 0.2839  6 Y 
132  9596065 2080085685465236864 16.908 1.400 4527 0.737 K4 12.30 0.1932  2 Y 
133  9533430 2080064554225921792 17.054 1.407 4516 0.735 K4 11.91 0.2322  6 Y 
134  9897078 2128155096879780736 17.033 1.413 4507 0.733 K4 12.35 0.2670  6 Y 
135  9838655 2080477558281297152 17.138 1.418 4499 0.731 K4 12.54 0.0794  2 Y 
136  9656681 2080095993386737408 17.183 1.449 4451 0.721 K5 12.21 0.1257  5 Y 
137  9716678 2128134442376853120 17.334 1.484 4400 0.711 K5 18.83 0.4072 10 S 
138  9716095 2128122004151549184 17.353 1.491 4391 0.709 K5 12.93 0.9576 10 Y 
139  9471356 2128098884347245184 17.257 1.492 4390 0.708 K5 12.64 0.3280  6 Y 
140  9593970 2128118228880232704 17.340 1.492 4389 0.708 K5 17.68 0.8943  4 S 
141  9471158 2128098433369035392 17.394 1.492 4389 0.708 K5 13.22 0.0954  3 Y 
142  9655970 2128130387927588992 17.322 1.506 4370 0.704 K5 12.74 0.3492 11 Y 
143  9594642 2128107165044245888 17.297 1.507 4368 0.704 K5 11.55 0.2238 11 Y 
144  9655566 2128132282013368960 17.119 1.511 4364 0.703 K5 11.26 0.6347  6 Y 
145  9655067 2128120492322841728 17.404 1.512 4361 0.702 K5 12.95 0.1459  8 Y 
146  9956996 2128208144016975488 17.313 1.517 4355 0.701 K5 12.76         1 Y 
147  9470057 2128019307193856768 17.125 1.518 4353 0.701 K5 12.88 0.0759  2 Y 
148  9655054 2128121389977163904 17.378 1.528 4340 0.698 K5 13.66 0.5414  6 Y 
149  9897266 2128156673128579328 17.483 1.555 4305 0.689 K5 12.99 0.2186  5 Y 
150  9530907 2128066998511354880 17.500 1.565 4292 0.686 K5 12.96         1 Y 
151  9594284 2128108436354871936 17.565 1.566 4291 0.686 K5 13.32 0.4442  8 Y 
152  9471304 2128098712548536320 17.398 1.572 4284 0.684 K5 10.87         1 R 
153  9836401 2128197904814375808 17.471 1.579 4275 0.682 K5 12.79 0.3478  3 Y 
154  9836918 2128151695265618944 17.564 1.582 4271 0.681 K5 12.04 0.3328  5 Y 
155  9837294 2128153619411014400 17.558 1.585 4267 0.680 K5 13.16 0.3089  5 Y 
156  9776201 2128149668040979456 17.611 1.596 4253 0.677 K5 12.79         1 Y 
157  9593943 2128118327657867776 17.622 1.598 4250 0.676 K5 13.16         1 Y 
158  9656537 2080097195977577472 17.545 1.653 4185 0.660 K7 13.35 0.1459  3 Y 
159  9533567 2080088537323743360 17.770 1.662 4175 0.658 K7 13.65         1 Y 
160  9594614 2128107783519544448 17.813 1.706 4124 0.646 K7 12.44         1 Y 
161  9895707 2128202410239878784 17.869 1.716 4114 0.643 K7 14.05         1 Y 
162  9717490 2080097260396182016 17.945 1.737 4090 0.637 K7 13.91 0.0926  2 Y 
163  9716651 2128134511096352640 18.135 1.768 4058 0.630 K7 14.43         1 Y 
164  9656400 2128129632013326976 18.035 1.770 4055 0.629 K7 14.43         1 Y 
165  9716098 2128122042811294208 18.133 1.784 4041 0.626 K7 14.43         1 Y 
166  9595606 2080089976131469568 18.220 1.835 3988 0.616 K7 14.43         1 Y 
167  9836690 2128152068923234432 18.234 1.836 3987 0.616 K7 14.20         1 Y 
168  9654921 2128119706349010944 18.365 1.933 3891 0.598 M0 14.34         1 Y 
169  9655977 2128128910458794112 18.438 1.939 3885 0.597 M0 15.15         1 Y 
170  9655330 2128108981810511616 18.377 2.001 3827 0.583 M0 15.96         1 Y 
171  9837752 2128143478993406592 18.931 2.100 3740 0.558 M1 10.55         1 R 